   test_acc   test_f1  test_loss  test_precision  test_recall
0  0.774793  0.805704   0.553495        0.704050     0.941667
1  0.554865  0.614004   0.686342        0.531056     0.727660
2  0.598344  0.636704   0.686085        0.568562     0.723404
3  0.732632  0.696897   0.555177        0.772487     0.634783
4  0.604396  0.649805   0.685345        0.577855     0.742222
5  0.646370  0.623441   0.640279        0.654450     0.595238
6  0.688525  0.735586   0.598283        0.631399     0.880952
7  0.600823  0.602459   0.679903        0.592742     0.612500
8  0.609504  0.602105   0.673122        0.608511     0.595833
9  0.688017  0.752053   0.620054        0.620596     0.954167
Means:
test_acc          0.649827
test_f1           0.671876
test_loss         0.637809
test_precision    0.626171
test_recall       0.740843
dtype: float64
Standard deviation:
test_acc          0.069283
test_f1           0.071592
test_loss         0.053526
test_precision    0.070286
test_recall       0.139800
